750
377
98
956 523
168 834
499
803
550
761
869
323
135
769 982
431
677
449 774
941 603
838 814
896
454 818
963
7
850
176
949 384
594
138 884
83
184
134 69
722
983
279
599 840
60
114 0
97 428
977 710
108 573
194
467
136
99 828
650
495 104
826
714 625
873 200
119 909
115 471
169 390
656
688
376 973
107
74
748
790
480
961 731
149
861 395
265
939
736
639
837 151
170
738
975
387
125
651 443
17
701 717
891 368
78
633 402
73
527 800
802
719
986
434 373
189
111
716 587
271 80
686 470
76 152
767
299
420
72 525
455 269
990 18
156 171
494 817
895
450
490 246
887
658
823
49 934
997
836
831
588
198 492
100
765 424
675 101
496 595
918 871
907
706
401 637
442
161 88
389
209
400
127
293
852
75
785
245
855
13
468
160 808
654
44 853
644
340
780
102 801
419 338
320
684 927
266 227
457
362
671
564 832
669
358
148
61 566
458 204
560
576
936
103
987
747
538
142
268
356
479
921
411
555
744 632
182 36
919 236
405 409
381
545 12
863
130 835
233
893
43
549
391
708
284
908
501 857
51 670
570
929 985
724
37 150
241
425
52 700
741
235
306 674
276
186
448
914
723
627
153 872
31 53
337 544
807
432 582
772
202
794 911
464 385
264 214
164
783 131
606
188 943
554
23
868 147
365 47
972
352
770 598
640
298
203
681 793
5
652
133 248
157 252
967 475
57 578
366 993
787
844
178
959
486
477
446
378
561
272
804
667
571 226
614
528 20
466 195
166
842
923
430
642
976
886
849
239
992
92
280 461
734
404
964
704
613
917
955
45
14
439
191 415
645
541
819
339 552
232
900
771
812
938
2 183
662 234
867
604
875
504
848
219
462
6 607
888
636 697
217
643 237
35
682
730
860
21
727
361
357
379
16
329
491
745
25
380
274
355 600
289 447
50
106
386 572
581 482
313
610
342
880
318 735
575
969
283
577 375
174
928 958
139
912 953
63
196
743
954
661 383
445 372
746
843
811
906
216
574
201
297 522
775
638
933
766
277
229
261
300
657 957
94 759
846 529
287
830
567
858 394
451
9
418 535
753 898
24
905
436
592
346
309
776
154
213
197
820
472
333
809
542 350
539
210
981 498
326
296
68 580
902 995
931
732
951
584
514
40 128
162 474
199 904
502
70
179
854
944
311
332
754
713
359 750
813 673
301
71 781
641
11
533
181
222
663
417 223
441
810 615
762 703
556
56
132
487 518
966
42
242 26
739
363 331
398 945
725
29
520
319
998
312
285 253
476 175
205
742
433
605
913
165 622
351
109
629
292
648
821
882 720
410 249
925
950
784
33
3
845
367
177
585 263
382 705
90
314
540
225
521 327
258
122
586 524
87
948
557
903 885
407 426
370
392 668
123 806
678
113
721 796
244 66
621
859
488
864
795 583
870
41
760 910
396
833 782
267
328
755
647
878
89
616
611
374
965 231
15 758
96 118
687
655
93 534
435
718
692
304 563
756
509
275
601 388
516
167
799
751 427
609 947
48
851
399 665
937 590
683 322
321 612
815
505
530
940 86
32 589
608 773
712
932 695
187
946 408
680
792
220
526
212
481 144
757
221 27
883 335
547 484
685 916
465 126
543 553
270 513
129 892
141
58 345
10 558
121
866 798
786
82 137
453
489
507
255
240
733
978
145
260
508
696 991
672
827
354
185 341
841 67
897 999
879 173
515
709 250
315
325
364
469 330
230
702
228
281
397
924
192
698 996
348
291 816
438 478
79 371
243 797
238 960
979 190
536
497
81
988 105
994
962
421
437 259
65 659
691
689 403
839
59 336
562 634
649
278
624 579
822
568 273
617 206
46 262
251
347
22
930 901
935
307 952
653 740
413 548
503 631
116 920
707
110
593
303
369
360
565
620 847
729
764
531
559
155 715
768
282
140
569
690
317
899
890
777
788 55
512 666
824 618
511 163
62
779
500
146 537
247
211
256 124
699 894
805 218
305
77
517 915
412
463
64 737
308
1
789 295
349
288 752
874
942
728
493
224 749
54 91
39
19
440
193
257 85
473
334
506
532
353 881
626
628 510
646
460
290 619
416
310 825
316
34
679
693
483
791
112
926
406
344 207
120
974 95
623
778
485
596
414 459
423
980 711
444 84
660 726
676 862
117 984
922
30 630
429
551
889
970
456
865
989
597
143 856
208
519
215 635
877
602
180 968
159
294
38
591
546
28
302
829
4
393
763 158
254
971
664 876
286
8 343
172 452
422 324
694

